1,-0.033935546875,0.25732421875,-0.9599609375,-11.4921875,-0.8203125,-17.3828125
2,0.020263671875,0.10107421875,-1.0009765625,64.3671875,-4.7265625,-0.2734375
3,-0.06005859375,0.12939453125,-0.946044921875,6.84375,-8.28125,-6.40625
4,-0.04541015625,-0.1640625,-1.025146484375,202.9609375,-13.265625,22.671875
5,-0.005859375,-0.318603515625,-0.798095703125,28.5546875,-8.1171875,9.296875
6,-0.11767578125,-0.23681640625,-0.974609375,-107.328125,-94.375,-12.828125
7,-0.33154296875,-0.168701171875,-1.027587890625,-74.125,-111.671875,-9.8125
8,-0.380126953125,-0.03125,-1.0185546875,-85.40625,3.0625,-14.03125
9,-0.3603515625,0.11865234375,-0.85693359375,-58.1484375,-27.4375,-26.515625
10,-0.469482421875,0.11669921875,-0.838134765625,31.3046875,-15.390625,-41.390625
11,-0.448974609375,-0.1337890625,-0.8955078125,68.9921875,45.4609375,-11.21875
12,-0.280517578125,-0.20166015625,-0.810546875,108.8203125,89.609375,-5.109375
13,-0.297119140625,-0.2685546875,-0.88671875,103.625,91.25,47.9140625
14,-0.18505859375,-0.214599609375,-0.872314453125,-142.9921875,-73.46875,-31.890625
15,-0.394775390625,-0.09765625,-0.934814453125,-106.4609375,-128.7734375,30.359375
16,-0.37109375,0.001953125,-0.8603515625,-0.484375,-4.609375,4.3359375
17,-0.46240234375,-0.013671875,-0.898681640625,8.515625,-4.421875,-6.921875
18,-0.43798828125,-0.022216796875,-0.841552734375,-21.546875,6.0078125,-11.421875
19,-0.421142578125,0.121337890625,-0.867919921875,-66.7890625,20.4375,16.4453125
20,-0.355224609375,0.299560546875,-0.95849609375,-90.84375,38.9375,32.96875
21,-0.444091796875,0.207275390625,-0.848388671875,109.4296875,145.1171875,-64.5390625
22,-0.113525390625,-0.33154296875,-0.96337890625,119.390625,116.5390625,9.5390625
23,-0.065673828125,-0.390380859375,-0.87353515625,30.859375,8.390625,14.5078125
