1,0.010986328125,0.001220703125,-1.0244140625,4.109375,-3.953125,-0.6640625
2,0.034423828125,0.006103515625,-1.039306640625,3.53125,-5.7890625,-1.046875
3,0.087646484375,-0.013916015625,-1.00244140625,5.84375,-3.2421875,-1.734375
4,0.01708984375,-0.001708984375,-1.03955078125,5.6875,-5.28125,-3.6875
5,-0.017333984375,-0.025634765625,-0.9736328125,3.4609375,-4.875,-1.203125
6,0.003173828125,-0.001220703125,-0.93603515625,5.640625,-5.28125,-4.1328125
7,-0.029052734375,-0.01025390625,-1.01171875,4.8203125,-3.453125,-4.3828125
8,0.023193359375,-0.00244140625,-0.985107421875,4.5703125,-3.375,-2.1640625
9,0.013427734375,0.006591796875,-0.9873046875,4.265625,-4.0234375,-3.765625
10,0.0556640625,-0.007080078125,-0.9755859375,2.9453125,-3.296875,-0.8984375
11,0.06005859375,0.0283203125,-0.9892578125,4.640625,-4.8203125,-2.28125
12,0.032470703125,0.014404296875,-1.01904296875,4.2421875,-3.6328125,-0.640625
13,-0.01318359375,0.0361328125,-0.98681640625,6.296875,-4.4375,-3.3359375
14,0.060302734375,0.034912109375,-0.98583984375,2.8515625,-3.65625,-3.25
15,-0.033935546875,0.03076171875,-1.03125,4.515625,-3.265625,-3.171875
16,-0.001953125,-0.017333984375,-1.047607421875,4.3515625,-4.0703125,-3.96875
17,0.0087890625,0.04150390625,-1.018310546875,4.390625,-5.375,-0.890625
18,-0.015625,0.014404296875,-1.018798828125,5.4765625,-3.25,-4.40625
19,0.04833984375,0.005859375,-1.022216796875,2.7890625,-3.8984375,-0.890625
20,0.106689453125,0.009033203125,-1.006591796875,4.59375,-4.828125,-0.859375
21,-0.001220703125,-0.00830078125,-0.993896484375,4.703125,-6.609375,-3.671875
22,0.0029296875,-0.05224609375,-0.99072265625,4.9453125,-4.8828125,-2.6875
