1,0.021728515625,0.005859375,0.96533203125,3.8359375,-2.28125,-1.4375
2,0.06591796875,-0.04150390625,1.064453125,4.078125,-2.078125,-1.4453125
3,0.066162109375,-0.034912109375,1.069580078125,5.1953125,-3.3046875,-3.53125
4,0.0361328125,0.086669921875,0.998291015625,3.125,-4,-2.3671875
5,0.141357421875,-0.00390625,1.046142578125,2.6015625,-2.9609375,-2.9375
6,0.051513671875,-0.024658203125,1.0693359375,3.921875,-3.3125,-2.046875
7,0.072265625,-0.060546875,1.046630859375,3.2265625,-3.1875,-3.4921875
8,0.113037109375,-0.010009765625,1.086669921875,4.625,-5.171875,-2.4609375
9,0.046875,0.046142578125,1.065673828125,5.8203125,-3.96875,-2.28125
10,0.064697265625,-0.12109375,1.05126953125,3.9140625,-3.25,-1.5546875
11,0.051025390625,-0.0048828125,1.046142578125,4.2421875,-2.96875,-2.515625
12,0.09130859375,0.029541015625,1.026611328125,5.4140625,-4.234375,-2.71875
13,0.085693359375,-0.017578125,1.006103515625,4.5078125,-3.296875,-2.4609375
14,-0.008544921875,-0.004638671875,1.016357421875,5.4140625,-4.4765625,-1.28125
15,0.077880859375,0.022705078125,1.032958984375,5.0859375,-5.28125,-3.453125
16,0.08154296875,0.08056640625,1.059326171875,4.9765625,-4.1015625,-3.3671875
17,0.09228515625,0.00732421875,1.047119140625,4.8828125,-3.640625,-2.0234375
