1,-0.209716796875,-0.1728515625,0.892822265625,-6.90625,-27.265625,-79.3046875
2,-0.230224609375,-0.031982421875,0.99267578125,62.3515625,13.2109375,-35.8984375
3,-0.316162109375,0.15478515625,0.866455078125,88.0390625,1.671875,-41.28125
4,-0.223388671875,0.234130859375,1.081787109375,17.546875,-6.40625,-47.015625
5,-0.27587890625,0.1064453125,0.9970703125,-141.953125,0.9140625,-39.265625
6,-0.34521484375,-0.345458984375,0.9296875,-186.75,57.8359375,-69.4375
7,-0.4248046875,-0.5068359375,0.53662109375,-136.21875,63.109375,-73.9453125
8,-0.452880859375,-0.62890625,0.180908203125,87.15625,41.1796875,-46.6015625
9,-0.568115234375,-0.53369140625,0.801025390625,255.9921875,81.671875,82.4609375
10,-0.727294921875,-0.09130859375,0.8759765625,127.3203125,89.359375,140.7265625
11,-0.822509765625,0.31005859375,0.6865234375,67.1171875,73.3203125,120.71875
12,-0.747314453125,0.35595703125,0.55810546875,-25.3671875,43.375,78.6875
13,-0.652099609375,0.3125,0.6650390625,-231.6796875,15.5859375,-112.828125
14,-0.78466796875,-0.034423828125,0.764892578125,-256,-29.15625,-181.859375
15,-0.637939453125,-0.44140625,0.64794921875,-200.0546875,-68.8671875,-91.1171875
16,-0.645263671875,-0.360107421875,0.682373046875,100.3515625,-28.609375,53.234375
17,-0.645751953125,0.211181640625,0.888427734375,255.9921875,45.1328125,194.4375
18,-0.546630859375,0.447509765625,0.62890625,255.9921875,-37.90625,146.3515625
19,-0.691650390625,0.518310546875,0.4853515625,51.4140625,-26.2890625,-4.4375
20,-0.82275390625,0.49462890625,0.53076171875,-175.75,-5.0390625,-171.484375
21,-0.800048828125,0.04052734375,0.603759765625,-187.9375,-28.265625,-99.9140625
