1,0.121826171875,-0.02099609375,-0.9814453125,9.4609375,-7.0625,10.3125
2,0.0498046875,0.021484375,-0.984130859375,8.4765625,-8.0703125,14.0078125
3,0.112060546875,-0.059814453125,-0.96337890625,23.421875,-8.1015625,11.6015625
4,0.08544921875,-0.021484375,-0.984130859375,10.671875,-6.71875,11.828125
5,0.041259765625,-0.189697265625,-0.955810546875,17.4296875,-6.5859375,6.046875
6,0.013427734375,-0.117919921875,-1.011962890625,20.5078125,-5.671875,6.3203125
7,0.06005859375,-0.208740234375,-0.9638671875,40,-14.3984375,0.4609375
8,0.009033203125,-0.22412109375,-0.9541015625,49.1796875,-4.8359375,-10.0234375
9,-0.010009765625,-0.36767578125,-0.926513671875,64.8828125,-15.5625,-2.828125
10,-0.061279296875,-0.503173828125,-0.82666015625,75.875,-20.5078125,-5.4921875
11,-0.126953125,-0.66064453125,-0.779052734375,29.765625,-17.8046875,-3.7421875
12,-0.0966796875,-0.57958984375,-0.828369140625,-11.0234375,-15.3828125,-8.3046875
13,-0.134033203125,-0.517333984375,-0.883544921875,-46.265625,6.296875,-5.5078125
14,0.09130859375,-0.546875,-0.839599609375,-5.7109375,-8.140625,-16.53125
15,-0.02734375,-0.401611328125,-0.991455078125,-32.234375,-1.8125,-12.0859375
16,-0.04345703125,-0.338134765625,-0.89111328125,-81.3515625,13.53125,-3.5546875
17,0.135009765625,-0.090087890625,-0.940673828125,-61.7421875,1.6015625,7.9453125
18,0.086669921875,0.001708984375,-1.044677734375,-1.9140625,-17.9140625,2.7578125
19,0.001708984375,-0.064697265625,-1.079345703125,9.046875,-5.453125,11.6875
20,0.087890625,-0.1337890625,-0.97509765625,51.234375,-3.046875,3.53125
21,-0.053955078125,-0.32421875,-0.9521484375,90.03125,-14.421875,-8.46875
22,-0.05126953125,-0.436279296875,-0.921875,19.859375,3.96875,9.921875
23,-0.001708984375,-0.41650390625,-0.91015625,13.96875,-3.1484375,-0.4921875
24,-0.059326171875,-0.36767578125,-0.90625,7.265625,-3.03125,-5.546875
25,-0.036376953125,-0.362548828125,-0.892333984375,9.171875,-7.9296875,-13.0625
26,-0.000244140625,-0.3896484375,-0.91943359375,3.8203125,-7.46875,-13.734375
27,0.019287109375,-0.326416015625,-0.894775390625,-5.8984375,-5.78125,-10.3125
