1,-0.49755859375,-0.419189453125,0.74609375,45.5078125,-5.0703125,45.5703125
2,-0.578369140625,-0.38330078125,0.82373046875,21.15625,1.453125,15.8125
3,-0.55517578125,-0.47998046875,0.78564453125,2.6171875,-2.09375,-11.0078125
4,-0.525146484375,-0.460205078125,0.761474609375,-2.375,0.40625,-8.15625
5,-0.557373046875,-0.463134765625,0.77099609375,-13.921875,11.3203125,-9.3046875
6,-0.545654296875,-0.58740234375,0.56298828125,-6.640625,8.0234375,-13.34375
7,-0.431396484375,-0.552001953125,0.397705078125,30.03125,8.09375,-1.8828125
8,-0.55517578125,-0.451171875,0.2880859375,34.2265625,36.859375,85.2734375
9,-0.1640625,-0.012939453125,0.037841796875,63.7265625,31.1484375,92.6953125
10,-0.01220703125,-0.029296875,0.04736328125,12.9765625,41.109375,78.484375
11,-3.190185546875,1.03125,5.923095703125,-23.1328125,-256,164.953125
12,-0.091552734375,-0.0205078125,-0.02587890625,202.3203125,-256,77.4609375
13,-0.11328125,-0.0986328125,-0.077880859375,255.9921875,-256,35.84375
14,0.138671875,-0.013427734375,-0.011474609375,117.4375,146.515625,8.5546875
15,0.10302734375,0.05517578125,-0.51904296875,-5.4375,111.265625,-5.515625
16,0.053466796875,0.02392578125,-0.9375,0.21875,5.7109375,-3.5625
17,-0.067138671875,-0.049560546875,-0.98046875,4.7265625,-3.703125,-1.453125
18,-0.02880859375,0.033935546875,-0.98779296875,4.8671875,-5.375,-3.9375
19,0.001708984375,-0.00390625,-0.998291015625,6.09375,-5.1953125,-2.7734375
20,-0.049072265625,-0.0234375,-1.054931640625,5.109375,-4.25,-2.078125
21,0.019287109375,-0.00048828125,-0.961669921875,4.8046875,-3.984375,-2.6484375
22,-0.030029296875,-0.03173828125,-1.047119140625,6.7890625,-3.875,-1.265625
23,-0.041015625,0.0078125,-1.0283203125,5.84375,-4.6015625,-2.796875
