1,-0.31689453125,0.0390625,-0.84716796875,-2.375,10.8046875,3.9453125
2,-0.19873046875,-0.120849609375,-1.18359375,17.2421875,28.6484375,5.0390625
3,-0.169921875,0.02685546875,-1.065673828125,7.1328125,-10.7578125,26.4921875
4,-0.184326171875,0.028076171875,-0.8828125,13.171875,-6.1953125,18.96875
5,-0.161376953125,0.0771484375,-0.7109375,-3.8671875,15.3046875,19.9921875
6,-0.126953125,0.046630859375,-1.04833984375,-1.5859375,35.078125,23.2578125
7,-0.0390625,-0.074462890625,-1.28466796875,20.6796875,-8.7578125,18.25
8,-0.0927734375,-0.0380859375,-1.014892578125,13.4921875,-34.828125,29.78125
9,-0.1875,0.01953125,-0.7421875,-4.09375,-23.7421875,28.2734375
10,-0.23046875,0.072265625,-0.847412109375,9.1484375,34.65625,23.0546875
11,-0.0625,0.01904296875,-1.304931640625,21.65625,7.984375,18.03125
12,-0.11083984375,0.0400390625,-1.155517578125,21.25,-33.3125,24.0078125
13,-0.072998046875,-0.084716796875,-0.9130859375,39.1640625,-26.0546875,35.125
14,-0.18359375,0.02294921875,-0.679931640625,-0.3359375,-14.5859375,42.171875
15,-0.174072265625,0.015869140625,-0.95703125,23.46875,46.2265625,32.40625
16,-0.122314453125,-0.121826171875,-1.31982421875,30.125,10.6171875,38.578125
17,-0.177734375,-0.099609375,-1.02294921875,10.140625,-37.4921875,45.125
18,-0.148193359375,-0.011962890625,-0.608154296875,5.484375,-25,37.1328125
19,-0.215576171875,0.00634765625,-0.953125,19.6875,73.5234375,29.7578125
20,-0.041259765625,-0.1748046875,-1.483154296875,17.8671875,3.2421875,35.9765625
21,-0.0810546875,-0.1328125,-0.9931640625,7.6953125,-38.421875,37.875
22,-0.157958984375,-0.12841796875,-0.858642578125,9.25,-20.9609375,37.4140625
23,-0.11376953125,-0.0361328125,-0.633056640625,5.328125,24.2890625,40.625
24,-0.172607421875,-0.042236328125,-1.19580078125,-16.046875,22.4140625,33.875
