1,-0.02294921875,-0.02685546875,-0.009033203125,-188.953125,255.9921875,70.4296875
2,0.004150390625,0.056884765625,0.099853515625,-229.75,255.9921875,53.90625
3,-0.03173828125,-0.039794921875,-0.000244140625,-256,255.9921875,33.6640625
4,-2.80859375,-5.677490234375,7.999755859375,255.9921875,-256,-131.5703125
5,-0.277099609375,-0.048828125,-0.144775390625,255.9921875,-256,-109.765625
6,-1.993408203125,-0.75048828125,-0.927978515625,-213.4765625,-256,144.171875
7,-0.64404296875,0.469482421875,0.469482421875,34.4921875,-256,47.6171875
8,0.479736328125,-0.2509765625,0.60791015625,49.5625,217.1640625,-8.6640625
9,0.11572265625,0.063232421875,0.964599609375,8.8828125,51.671875,-5.84375
10,0.033447265625,0.00927734375,1.02197265625,3.1875,4.4375,-0.6015625
11,0.071533203125,0.045166015625,1.038818359375,4.8984375,-7.0546875,-2.1796875
