1,-0.19384765625,-0.132080078125,-0.890380859375,9.6796875,-17.609375,8.8515625
2,-0.19775390625,-0.139892578125,-0.786865234375,-1.421875,-4.0859375,4.4453125
3,-0.1865234375,-0.107421875,-0.9853515625,3.484375,10.109375,-1.078125
4,-0.168701171875,-0.082275390625,-1.023193359375,-2.9375,8.9140625,-3.0546875
5,-0.140869140625,-0.12890625,-1.02978515625,0.59375,4.6953125,0.7265625
6,-0.11572265625,-0.130859375,-1.0654296875,8.671875,-4.6875,4.5859375
7,-0.175048828125,-0.105224609375,-1.039306640625,10.15625,-5.0390625,5.1015625
8,-0.128662109375,-0.159423828125,-1.02978515625,14.546875,-2.75,5.125
9,-0.1572265625,-0.14013671875,-0.94921875,14.109375,-4.4609375,13.1171875
10,-0.1376953125,-0.1845703125,-0.971923828125,15.4453125,-0.5703125,11.203125
11,-0.10400390625,-0.123779296875,-0.947509765625,15.1953125,-3.8984375,9.0546875
12,-0.15185546875,-0.151123046875,-0.894287109375,11.7109375,-0.3828125,7.34375
13,-0.163330078125,-0.17431640625,-0.93505859375,0.9296875,2.8984375,5.4453125
14,-0.125,-0.134765625,-0.92919921875,-0.734375,2.3671875,4.03125
15,-0.166748046875,-0.139892578125,-0.954345703125,-2.5703125,-1.625,4.515625
16,-0.154052734375,-0.1650390625,-0.983154296875,-1.5390625,-3.2578125,6.125
17,-0.151123046875,-0.10205078125,-0.99072265625,1.671875,0.1484375,8.6484375
18,-0.10791015625,-0.16748046875,-1.10400390625,6.9375,-2.0234375,4.125
19,-0.076416015625,-0.119873046875,-1.03857421875,13.1640625,-0.1953125,9.546875
20,-0.2001953125,-0.13623046875,-1.052001953125,22.40625,1.71875,8.984375
21,-0.1162109375,-0.17431640625,-1.115478515625,18.46875,-1.5859375,11.65625
22,-0.12841796875,-0.18701171875,-1.022216796875,17.3046875,-2.0703125,10.1484375
23,-0.148681640625,-0.252197265625,-0.863037109375,18.546875,-1.671875,10.4140625
24,-0.125,-0.232421875,-0.8349609375,14.984375,-1.7734375,9.65625
25,-0.135986328125,-0.204345703125,-0.836181640625,6.2265625,2.09375,11.3046875
26,-0.09912109375,-0.24072265625,-0.8564453125,3.7265625,-2.125,8.5546875
27,-0.126220703125,-0.22900390625,-0.984619140625,-5.9296875,-5.0546875,14.046875
28,-0.149169921875,-0.218505859375,-0.809814453125,-13.875,0.171875,12.578125
29,-0.19921875,-0.116455078125,-0.969970703125,-5.015625,9.734375,8.6953125
30,-0.105224609375,-0.183837890625,-1.20703125,6.515625,-0.734375,4.296875
31,-0.0341796875,-0.1689453125,-1.0830078125,19.3984375,-7.25,9.828125
32,-0.103759765625,-0.176025390625,-1.01513671875,13.1796875,-7.3359375,8.921875
33,-0.12109375,-0.20458984375,-0.89501953125,21.0859375,9.3828125,2.515625
34,-0.08984375,-0.228759765625,-0.951171875,9.1328125,-0.703125,14.5
35,-0.089599609375,-0.2578125,-0.88134765625,43.203125,-1.8671875,41.3046875
36,-0.170654296875,-0.25927734375,-0.766357421875,-3.1640625,-14.4609375,31.6796875
37,-0.180908203125,-0.28857421875,-0.79345703125,-20.34375,-19.2109375,27.1953125
38,-0.246826171875,-0.16552734375,-0.87939453125,10.765625,11.8671875,25.8359375
39,-0.187744140625,-0.110107421875,-0.973388671875,-5.390625,-0.5546875,16.7890625
40,-0.182861328125,-0.132568359375,-0.9453125,-5.7890625,1.421875,6.0703125
