1,-0.80224609375,0.50390625,0.2998046875,-9.75,-0.3984375,-8.15625
2,-0.896484375,0.443603515625,0.380126953125,1.4296875,-1.5859375,-8.6015625
3,-0.921630859375,0.43896484375,0.318115234375,2.2265625,-12.640625,-6.6796875
4,-0.9013671875,0.46337890625,0.328125,-0.4140625,-27.0859375,-10.8828125
5,-0.716796875,0.456787109375,0.355224609375,-15.9375,-48.703125,-38.2578125
6,0.012451171875,0.050048828125,-0.008544921875,-87.0625,-73.6953125,-187
7,-0.0166015625,0.046875,0.0439453125,-95.296875,-58.3828125,-186.3125
8,0.035888671875,0.037841796875,0.041748046875,-92.2734375,-51.0703125,-186.546875
9,0.025390625,0.03955078125,0.04638671875,-86.015625,-45.9609375,-183.75
10,0.48046875,2.31494140625,2.52197265625,255.9921875,-256,-66.8515625
11,-0.301513671875,-0.402099609375,1.05712890625,-63.34375,9.0859375,5.3984375
12,0.0986328125,-0.100830078125,1.0625,53.8828125,-85.34375,-3.09375
13,0.163818359375,-0.122802734375,1.06640625,-5.578125,7.96875,-2.25
14,0.18115234375,-0.0966796875,1.030517578125,10.171875,-9,-2.890625
15,0.208251953125,-0.0546875,0.991455078125,5.328125,-4.1484375,-2.375
16,0.19677734375,-0.067626953125,0.98779296875,4.4609375,-4.03125,-1.3203125
17,0.17578125,-0.13525390625,1.021484375,4.75,-3.21875,-3.4375
18,0.19140625,-0.1171875,1.01953125,4.9921875,-5.953125,-2.3984375
