1,-0.6328125,0.68701171875,0.437744140625,20.359375,-6.1953125,-13.390625
2,-0.62451171875,0.69970703125,0.44677734375,29.03125,9.1015625,37.5859375
3,-0.580322265625,0.82421875,0.254638671875,67.5703125,-5.6171875,71.34375
4,-0.445556640625,0.7841796875,0.20458984375,65.1953125,-23.78125,69.1171875
5,-0.22265625,0.940673828125,0.1171875,59.5234375,-26.4375,74.109375
6,0.031494140625,0.941162109375,0.162109375,-146.6328125,-55.5546875,-68.3046875
7,-0.03955078125,0.57763671875,0.39306640625,-250.078125,65.6484375,-201.3046875
8,0.0244140625,0.08642578125,-0.031494140625,-128.671875,-256,-218.40625
9,-0.07275390625,0.086669921875,-0.0029296875,-200.734375,-240.109375,-204.2421875
10,0.04248046875,-0.008056640625,0.015625,-232.7421875,-155.40625,-195.40625
11,7.999755859375,-0.18896484375,4.239013671875,-256,66.2109375,-24.765625
12,0.06689453125,0.66552734375,-0.302490234375,-256,-149.9375,1.2578125
13,0.45263671875,0.138671875,-1.277099609375,-86.21875,-53.7890625,-12.1875
14,0.4267578125,0.10595703125,-0.973876953125,5.5390625,1.171875,-3.90625
15,0.448974609375,0.0654296875,-0.891357421875,3.0390625,-3.5,-1.390625
16,0.411865234375,0.052001953125,-0.94580078125,3.5546875,-2.953125,-1.5390625
17,0.43310546875,0.115966796875,-0.914306640625,5.109375,-3.2578125,-0.90625
18,0.419677734375,0.03076171875,-0.90087890625,5.46875,-3.4453125,-2.5234375
19,0.409423828125,0.053466796875,-0.883056640625,4,-2.71875,-1.421875
