1,0.081787109375,-0.011962890625,-0.988037109375,7.6640625,-1.5625,11.046875
2,0.136474609375,-0.053466796875,-0.982421875,4.421875,-1.765625,12.0390625
3,0.137451171875,0.04296875,-0.966796875,0.109375,0.125,22.7890625
4,0.099853515625,-0.017822265625,-0.975830078125,1.3515625,-2.5078125,25.4609375
5,0.0615234375,0.06591796875,-0.985595703125,1.59375,-1.515625,21.0859375
6,0.091796875,0.0224609375,-1.049072265625,5.6015625,-1.71875,15.3046875
7,0.1005859375,-0.016357421875,-0.918701171875,-2.3125,-3.78125,12.625
8,0.162109375,-0.0302734375,-1.003173828125,6.3359375,-3.0078125,13.6484375
9,0.05517578125,0.0625,-1.042724609375,5.8828125,-5.1328125,16.8125
10,0.105712890625,0.02685546875,-1.02490234375,10.3984375,-3.7734375,18.21875
11,0.085205078125,-0.052001953125,-1.010009765625,8.4140625,-2.3359375,15.640625
12,0.08154296875,-0.04345703125,-1.026611328125,6.4296875,-1.3984375,13.5390625
13,0.151123046875,-0.043212890625,-1.009765625,4.828125,-2.6796875,10.1171875
14,0.137939453125,-0.056640625,-1.00927734375,0.34375,-5.875,14.5859375
15,0.07861328125,-0.021240234375,-0.999267578125,1,-3.46875,15.265625
16,0.141845703125,0.02294921875,-1.045166015625,1.7109375,-3.546875,17.0234375
17,0.053955078125,-0.017578125,-1.018310546875,3.90625,-3.265625,14.1640625
18,0.125,-0.011474609375,-0.959716796875,3.9453125,-0.5390625,11.7734375
19,0.156005859375,-0.01611328125,-1.01513671875,9.234375,-0.4921875,12.28125
20,0.148681640625,0.03955078125,-1.00927734375,5.796875,-4.09375,14.84375
21,0.149169921875,-0.04638671875,-1.043212890625,7.0234375,-1.28125,11.4921875
22,0.1328125,-0.005126953125,-0.964599609375,3.484375,1.71875,9
23,0.10888671875,-0.028076171875,-1.021728515625,1.4921875,0.6953125,7.203125
24,0.19287109375,-0.04638671875,-0.9921875,3.015625,-3.625,8.2734375
25,0.121826171875,0.009033203125,-0.98291015625,0.890625,-6.1484375,5.9609375
26,0.0986328125,-0.0224609375,-1.007080078125,6.3125,-7.5859375,4.2265625
27,0.104736328125,0.0078125,-0.985107421875,5.1171875,-7.3828125,3.5078125
