1,-0.090087890625,-0.1494140625,1.083740234375,-16.484375,-15.2734375,9.0234375
2,0.031494140625,-0.140380859375,0.949462890625,24.15625,-28.078125,55.328125
3,0.091064453125,-0.0830078125,0.976806640625,30.71875,-4.40625,53.75
4,0.144775390625,0.026611328125,0.951416015625,78.8671875,-23.0390625,83.921875
5,0.12451171875,0.0673828125,1.021484375,84,0.0625,75.3671875
6,0.02734375,0.253173828125,1.032958984375,23.8203125,4.1328125,35.28125
7,0.0234375,0.27587890625,1.004638671875,-14.8828125,23.703125,28.6484375
8,0.018798828125,0.0400390625,1.01904296875,-73.125,2.09375,-8.71875
9,0.18408203125,-0.13427734375,1.12060546875,-100.1171875,-17.96875,-40.890625
10,0.314697265625,-0.208984375,0.963623046875,-33.546875,-11.875,-50.0078125
11,0.076904296875,-0.2548828125,1.02978515625,-5.7734375,4.5078125,-50.34375
12,0.032958984375,-0.19482421875,0.976318359375,21.875,13.8828125,-34.9140625
13,0.129638671875,-0.2265625,0.93017578125,65.25,21.609375,-18.4296875
14,-0.071533203125,-0.131591796875,1.020263671875,112.375,60.6640625,-39.3046875
15,-0.403564453125,0.268798828125,1.08544921875,81.046875,25.1171875,-56.7109375
16,-0.29736328125,0.4814453125,0.79443359375,39.5546875,-0.8984375,-35.3125
17,-0.5009765625,0.464599609375,0.8818359375,-7.1328125,-1.0703125,-2.8046875
18,-0.462890625,0.380859375,0.906005859375,-44.953125,-33.203125,27.6171875
