1,-0.193115234375,-0.0693359375,-0.861572265625,0.828125,-9.1953125,-14.8046875
2,-0.139404296875,-0.145751953125,-0.837158203125,3.2109375,2.1015625,-15.28125
3,-0.1767578125,-0.137939453125,-0.954833984375,1.09375,7.09375,-12.9765625
4,-0.13818359375,-0.125732421875,-1.106201171875,4.9296875,2.46875,-14.28125
5,-0.183349609375,-0.107177734375,-1.0380859375,5.7265625,-14.109375,-18.1875
6,-0.176025390625,-0.09912109375,-1.0517578125,1.53125,-16.9296875,-21.5
7,-0.107666015625,-0.094482421875,-0.830810546875,-0.140625,0.3125,-20.8984375
8,-0.150390625,-0.17041015625,-0.9658203125,-3.28125,4.9609375,-19.5390625
9,-0.119873046875,-0.0810546875,-1.113525390625,3.328125,8.9296875,-22.421875
10,-0.155029296875,-0.121337890625,-1.17822265625,4.0390625,-13.5625,-28.4296875
11,-0.12841796875,-0.093017578125,-0.96044921875,4.859375,-11.84375,-29.875
12,-0.1015625,-0.1396484375,-0.875732421875,1.28125,-5.2890625,-21.359375
13,-0.071044921875,-0.133544921875,-0.97021484375,-3.953125,8.0625,-21.2109375
14,-0.088623046875,-0.026611328125,-1.12158203125,6.375,6.359375,-24.0625
15,-0.082763671875,-0.10205078125,-1.0908203125,3.5234375,-8.0390625,-29.671875
16,-0.021728515625,-0.088623046875,-0.998291015625,-2.5,-15.0234375,-29.8515625
17,-0.047119140625,-0.07958984375,-0.8388671875,-15.2734375,-13.84375,-20.2265625
18,-0.16259765625,-0.126708984375,-0.9521484375,-17.34375,4.328125,-22.734375
19,-0.142333984375,0.1123046875,-1.183837890625,4.3046875,-4.296875,-13.6796875
20,-0.015380859375,-0.013427734375,-1.091064453125,-13.40625,-24.296875,-36.1484375
21,-0.078369140625,-0.025146484375,-0.90283203125,-16.40625,-19.28125,-32.9765625
22,-0.085693359375,0.036865234375,-0.8232421875,-13,17.765625,-38.1484375
23,-0.091552734375,0.05029296875,-1.194580078125,18.2109375,35.0859375,-44.328125
24,-0.16748046875,0.09521484375,-1.4208984375,12.640625,-38.9453125,-47.03125
25,0.038818359375,-0.0029296875,-0.73876953125,11.46875,-21.359375,-61.515625
26,-0.00341796875,-0.044189453125,-0.799560546875,11.609375,8.2265625,-52.203125
27,-0.107177734375,-0.2158203125,-0.942626953125,4.1328125,15.90625,-30.265625
28,-0.12109375,-0.13623046875,-1.322509765625,22.765625,1.7578125,-23.4140625
29,-0.00439453125,-0.059326171875,-0.913818359375,-7.6640625,-33.484375,-11.6484375
