1,-0.48046875,0.63623046875,0.64111328125,6.53125,13.3984375,-5.7265625
2,-0.34033203125,0.79443359375,0.566162109375,26.15625,-8.6171875,20.921875
3,-0.403564453125,0.69482421875,0.746337890625,12.953125,14.015625,-7.9375
4,0.572021484375,2.29150390625,-0.710693359375,144.359375,28.9921875,-18.9765625
5,-0.021728515625,0.054443359375,-0.02197265625,19.6796875,-114.9296875,-124.25
6,-0.020751953125,0.013427734375,0.010986328125,-6.4765625,-142.2421875,-121.078125
7,-0.030517578125,-0.052490234375,0.081787109375,-43.8125,-173.84375,-121.015625
8,-0.08203125,0.077880859375,-0.051025390625,255.9921875,223.171875,14.15625
9,-0.03173828125,0.052001953125,0.058837890625,255.9921875,238.4296875,31.1015625
10,0.14599609375,0.399658203125,0.343505859375,-256,-247.5390625,255.9921875
11,0.09521484375,0.645263671875,1.267578125,-6.75,-120.703125,14.875
12,0.1875,-0.039306640625,1.040771484375,9.9140625,-8.8828125,1.203125
13,0.132568359375,0.060302734375,0.984130859375,6.109375,-1.9453125,-0.9140625
14,0.13720703125,0.018798828125,1.017333984375,7.1015625,-3.8671875,-3.28125
15,0.10693359375,0.059814453125,1.02685546875,4.5625,-5.5859375,-1.9375
16,0.11083984375,0.09423828125,1.07568359375,3.734375,-3.8671875,-2.0078125
