1,-0.067626953125,0.20751953125,-0.818359375,-22.5390625,-71.734375,59.1484375
2,-0.390625,0.455078125,-0.843505859375,-21.796875,-105.25,-2.4140625
3,-0.400146484375,0.656982421875,-0.822021484375,-9.53125,-72.1875,2.21875
4,-0.2177734375,0.565185546875,-0.39794921875,-46.9609375,42.640625,-120.0703125
5,0.0087890625,0.001708984375,0.011474609375,-102.46875,-117.265625,-238.0546875
6,-0.024658203125,0.050537109375,-0.037841796875,-133.6484375,-59.9921875,-231.0625
7,0.021484375,0.054931640625,0.025390625,-150.2421875,13.2421875,-230.953125
8,-0.007080078125,0.0029296875,0.0498046875,-28.0859375,152.4765625,-51.1796875
9,0.017333984375,-0.04052734375,0.015380859375,-21.8828125,143.3203125,-51.3125
10,4.98974609375,2.094482421875,-1.4892578125,255.9921875,-256,50.3203125
11,-0.1533203125,-0.07275390625,-1.087890625,-42.4296875,255.9921875,-10.4609375
12,-0.013671875,-0.01025390625,-0.922119140625,15.671875,-18.3828125,-3.1171875
13,0.033935546875,-0.03369140625,-1.02001953125,5.1953125,-6.234375,-1.6875
14,0.03173828125,0.021484375,-1.02001953125,4.671875,-4.515625,-2.8203125
15,0.052490234375,-0.0380859375,-0.996337890625,3.5859375,-2.1875,-1.1796875
16,0.033203125,0.014892578125,-0.925048828125,6.5,-4.515625,-2.0546875
17,0.0390625,-0.02001953125,-1.01806640625,3.953125,-4.0625,-4.5390625
