1,-0.79443359375,-0.3935546875,0.51513671875,5.328125,-2.6484375,0.828125
2,-0.75830078125,-0.370849609375,0.485107421875,8.59375,-9.390625,8.8828125
3,-0.809326171875,-0.41455078125,0.355224609375,-3.2890625,-10.4765625,13.46875
4,-0.73291015625,-0.6494140625,-0.029541015625,10.0390625,4.734375,27.1015625
5,-0.0595703125,-0.334228515625,-0.04052734375,82.1015625,-24.390625,83.34375
6,0.0048828125,-0.054443359375,0.013671875,0.390625,-89.875,58.8984375
7,0.07763671875,-0.02490234375,0.0556640625,-4.6875,-118.6953125,58.140625
8,0.56005859375,0.38720703125,-0.857177734375,-256,255.9921875,-256
9,7.999755859375,7.999755859375,7.999755859375,255.9921875,-256,-256
10,-0.7900390625,0.74853515625,-0.221923828125,-256,-256,-256
11,2.5732421875,-1.958984375,1.9091796875,-256,255.9921875,-256
12,-0.32080078125,-1.90625,0.734619140625,234.1171875,-256,168.4609375
13,0.02197265625,0.020751953125,1.02001953125,4.46875,-3.2890625,-1.6953125
14,0.09033203125,-0.048095703125,1.041748046875,4.390625,-3.1640625,-1.90625
15,0.04052734375,0.024658203125,1.02587890625,4.4453125,-5.0703125,-1.2109375
16,0.061279296875,0.00146484375,1.036865234375,4.953125,-3.78125,-3.28125
17,0.141357421875,-0.001708984375,1.023681640625,2.84375,-3.3203125,-2.1640625
18,0.055419921875,0.021484375,1.013671875,3.890625,-2.9296875,-3.8984375
19,0.0869140625,-0.054931640625,1.009521484375,3.0234375,-3.765625,-1.015625
20,0.0849609375,-0.01025390625,1.017822265625,5.234375,-4.8984375,-1.328125
21,0.104736328125,-0.019287109375,1.01220703125,3.5703125,-3.2109375,-3.2265625
