1,0.0498046875,-0.008544921875,-1.046875,7.125,-5.4765625,-3.234375
2,-0.0009765625,0.047607421875,-0.99267578125,4.8671875,-3.9765625,-1.9765625
3,0.07421875,-0.033447265625,-0.98291015625,3.828125,-2.3515625,-1.21875
4,0.002197265625,-0.01708984375,-1.05224609375,4.8828125,-4.7265625,-1.9609375
5,0.048583984375,-0.018310546875,-0.998779296875,3.34375,-2.234375,-2.609375
6,0.0634765625,-0.0380859375,-0.967041015625,4.2109375,-3.875,-0.8515625
7,0.007568359375,0.0107421875,-1.00732421875,3.796875,-5.4453125,-2.8046875
8,0.110107421875,-0.02685546875,-0.979248046875,4.4140625,-5.6953125,-1.578125
9,0.038330078125,0.0400390625,-0.992919921875,5.40625,-3.5390625,-2.6328125
10,0.081298828125,0.0546875,-0.999267578125,3.6015625,-4.796875,-4.2421875
11,0.02392578125,0.010498046875,-1.00146484375,5.765625,-5.4453125,-2.609375
12,0.05419921875,0.04052734375,-0.9990234375,4.1484375,-4.8515625,-2.6015625
13,0.040771484375,-0.008056640625,-1.03173828125,4.7109375,-4.5078125,-3.03125
14,0.090087890625,0.04248046875,-1.029541015625,5.46875,-4.4140625,-3.1484375
15,0.013427734375,0.004638671875,-0.969970703125,3.8515625,-4.578125,-2.2578125
16,0.071533203125,-0.039794921875,-1.038330078125,5.25,-4.59375,-3.4765625
17,-0.021484375,-0.043701171875,-1.01513671875,4.9140625,-4.875,-2.7578125
18,0.044189453125,-0.0263671875,-0.99560546875,4.8515625,-4.9453125,-1.6484375
19,0.01171875,0.022705078125,-0.99169921875,2.703125,-3.9765625,0.390625
20,-0.0068359375,0.034912109375,-1.045654296875,5.03125,-4.84375,-3.1171875
21,0.0341796875,0.01416015625,-0.991455078125,5.1875,-5.2421875,-0.953125
