1,-0.085205078125,-0.245361328125,-0.939453125,6.1796875,-7.4375,3.625
2,-0.0732421875,-0.29296875,-0.918701171875,4.1328125,-10.1015625,5.4453125
3,-0.0927734375,-0.20458984375,-0.9453125,-3.8671875,-9.5546875,4.1796875
4,-0.075927734375,-0.271240234375,-0.956787109375,2.078125,-4.3828125,3.1015625
5,-0.12060546875,-0.17578125,-1.04541015625,3.828125,-4.4453125,-0.6953125
6,-0.181640625,-0.228515625,-0.9638671875,1.375,-6.421875,-1.375
7,-0.134765625,-0.236083984375,-0.953369140625,5.46875,-2.46875,1.71875
8,-0.1259765625,-0.2294921875,-0.954833984375,-1.78125,-7.5546875,2.0078125
9,-0.14501953125,-0.213134765625,-0.899658203125,2.3125,-4.140625,-2.421875
10,-0.205322265625,-0.173583984375,-0.982421875,-1.640625,-6.9453125,1.8203125
11,-0.05810546875,-0.174072265625,-0.809326171875,-5.2734375,8.234375,11.7421875
12,-0.14892578125,-0.211181640625,-1.02099609375,31.59375,19.8203125,10.7890625
13,-0.1591796875,-0.005615234375,-1.12109375,81.3828125,26.1328125,-44.375
14,-0.083984375,-0.38623046875,-1.186767578125,85.0859375,-12.25,-97.609375
15,0.138916015625,-0.72802734375,-1.06103515625,-21.5,-44.703125,31.734375
16,0.019775390625,-0.5693359375,-0.6171875,-8.6328125,-30.234375,72.375
17,-0.06982421875,-0.344482421875,-0.444091796875,-63.0546875,13.90625,87.53125
18,0.038330078125,-0.00341796875,0.04736328125,-56.296875,76.65625,47.8671875
19,0.01171875,0.013427734375,-0.03125,-52.3828125,66.96875,45
20,0.032470703125,0.00048828125,-0.008544921875,-44.6796875,38.1640625,45.3203125
21,0.002197265625,-0.026123046875,0.02490234375,-5.8125,159.8203125,53.171875
22,-0.0283203125,-0.02294921875,0.03076171875,-18.1171875,157.0546875,53.6796875
23,0.070556640625,0.09521484375,-0.286376953125,-43.40625,255.9921875,26.8125
24,0.211181640625,0.104248046875,-0.77001953125,10.5234375,-32.5625,-1.4609375
25,0.138916015625,0.08154296875,-1.014404296875,5.3515625,-3.2734375,-1.0546875
26,0.128173828125,0.150146484375,-0.961181640625,3.7109375,-5.0703125,-0.1796875
27,0.15771484375,0.1142578125,-0.97705078125,2.6015625,-3.1328125,-3.078125
28,0.197998046875,0.167724609375,-0.9677734375,6.7265625,-4.34375,-2.7578125
29,0.20458984375,0.1298828125,-0.98779296875,4.8046875,-5.0390625,-2.1484375
