1,-0.1865234375,0.06103515625,0.99365234375,-5.4765625,-8.1328125,-10.859375
2,-0.301025390625,-0.0419921875,1.069091796875,5.578125,-4.0625,-10.078125
3,-0.4599609375,0.07080078125,1.145751953125,-109.71875,-41.4609375,14.1328125
4,-0.01904296875,0.0009765625,-0.018798828125,-33.9140625,-256,-13.3125
5,-0.058837890625,0.036865234375,0,-31.203125,-256,-8.2890625
6,-0.06103515625,-0.0078125,-0.016845703125,-42.8203125,-256,-0.1171875
7,-0.6025390625,0.651123046875,-0.112060546875,251.2890625,255.9921875,255.9921875
8,-0.499267578125,0.641845703125,-0.1787109375,-256,66.6640625,255.9921875
9,0.04345703125,0.260986328125,-0.523193359375,122.4921875,-66.1015625,-34.65625
10,-0.009033203125,-0.027587890625,-1.020263671875,4.6953125,-5.0546875,-1.9765625
11,0.03173828125,0.01171875,-0.984375,4.3515625,-2.6640625,-2.734375
12,0.027099609375,0.0224609375,-1.059326171875,3.9921875,-4.6328125,-1.4765625
13,0.02392578125,0.027099609375,-0.96533203125,5.7421875,-4.03125,-0.78125
14,0.02294921875,0.01123046875,-1.011474609375,5.75,-4.8671875,-1.015625
15,-0.0107421875,-0.040283203125,-1.04638671875,4.4375,-6.2421875,-2.8828125
16,0.009033203125,0.03076171875,-1.0029296875,4.984375,-3.7578125,-1.4140625
17,0.043212890625,-0.00927734375,-1.0283203125,5.515625,-3.3359375,-2.875
18,0.03759765625,0.01220703125,-1.102294921875,5.953125,-4.5546875,-2.453125
19,-0.030517578125,0.033935546875,-0.94482421875,4.6015625,-3.8359375,-0.25
