1,0.580322265625,0.70458984375,-0.399658203125,-1.2109375,-10.828125,-1.28125
2,0.645263671875,0.71923828125,-0.4736328125,9.3828125,2.8671875,8.375
3,0.817626953125,0.76123046875,-0.66845703125,20.640625,-2.3671875,-32.96875
4,0.8974609375,0.472412109375,-1.077880859375,-2.234375,-88.96875,-102.5078125
5,1.11181640625,0.260498046875,-1.853515625,-256,-256,-1.046875
6,-0.244873046875,0.18408203125,-0.017578125,-256,-256,60.328125
7,-0.369873046875,0.13623046875,-0.0859375,-256,-256,128.078125
8,1.13037109375,0.68603515625,-0.08837890625,51.90625,255.9921875,82.40625
9,0.243896484375,0.4521484375,0.179931640625,-256,255.9921875,-232.5078125
10,-0.32861328125,-0.28076171875,-0.103271484375,-256,255.9921875,-256
11,-1.18017578125,0.7802734375,-0.17724609375,255.9921875,255.9921875,-256
12,0.54052734375,0.796142578125,7.630859375,255.9921875,255.9921875,86.703125
13,-0.19189453125,0.1318359375,-0.198974609375,255.9921875,-256,-256
14,-0.5693359375,0.34765625,-0.173828125,-191.1484375,-256,-256
15,0.175537109375,-0.076416015625,-0.138671875,-55.2109375,-256,-4.84375
16,0.18212890625,-0.003173828125,-0.463134765625,18.234375,-70.78125,-3.1171875
17,-0.006591796875,-0.060791015625,-1.02099609375,5.4921875,-4.03125,-3.5234375
18,0.027099609375,-0.00634765625,-1.020263671875,3.953125,-5.1171875,-2.78125
19,-0.005615234375,-0.01708984375,-1.01513671875,4.9296875,-4.609375,0.8984375
20,-0.0078125,-0.063720703125,-1.02197265625,6.515625,-4.2734375,-2.328125
21,-0.0634765625,-0.09228515625,-1.042724609375,3.6328125,-3.859375,-2.15625
22,-0.01806640625,-0.010009765625,-0.977294921875,5.734375,-3.1171875,-3.3125
