1,-0.14501953125,0.10205078125,1.13916015625,-52.1484375,-47.171875,-78.109375
2,-0.18115234375,-0.21728515625,0.84716796875,-202.2890625,-171.7421875,-54.0859375
3,0.01318359375,-0.4580078125,1.04833984375,-96.6875,-59.6640625,147.1015625
4,-0.0478515625,-0.45068359375,0.810791015625,-22.5078125,40.828125,74.65625
5,-0.153564453125,-0.39404296875,0.8095703125,217.4375,18.0546875,14.84375
6,-0.203125,0.074462890625,1.0576171875,173.0390625,9.0625,41.703125
7,-0.246337890625,0.207275390625,1.0126953125,55.015625,-41.4765625,-10.9921875
8,-0.178955078125,0.14208984375,1.076904296875,-46.203125,-8.203125,-87.0390625
9,-0.208251953125,0.05322265625,1.0009765625,-139.859375,-5.90625,-135.578125
10,-0.3251953125,-0.26416015625,0.953369140625,-60.1484375,120.6875,-10.6171875
11,-0.3603515625,-0.309326171875,0.885986328125,-34.4765625,25.84375,-10.78125
12,-0.403564453125,-0.38916015625,0.840576171875,-35.546875,65.875,8.6328125
13,-0.319580078125,-0.102294921875,0.803955078125,241.8984375,-74.71875,142.7421875
14,-0.3544921875,0.337158203125,1.07373046875,155.0703125,-67.4921875,53.7578125
15,-0.332763671875,0.207275390625,1.0107421875,-188.5546875,38.671875,-59.4296875
16,-0.56396484375,-0.182373046875,0.93896484375,-201.1015625,25.9296875,-28.453125
17,-0.5322265625,-0.336181640625,0.80810546875,-88.5,-28.2421875,15.5859375
18,-0.44580078125,-0.4814453125,0.804931640625,2.4375,-32.796875,32.6875
19,-0.373779296875,-0.205078125,0.807861328125,240.78125,-32.984375,44.7734375
20,-0.373291015625,-0.11474609375,0.951904296875,-42.8984375,-24.6328125,-62.7890625
21,-0.336181640625,-0.2578125,0.979736328125,3.2109375,-34.375,-30.859375
22,-0.268798828125,-0.212158203125,0.92138671875,54.828125,-47.78125,22.03125
23,-0.203125,-0.16748046875,0.970703125,14.6328125,-77.7734375,33.9296875
24,-0.0625,-0.034423828125,1.0029296875,3.0234375,-117.15625,42.390625
25,0.198486328125,0.083251953125,0.906494140625,12.046875,-0.078125,13.5078125
